,10-year-T,Corporate-Profits,GDP,Net-Exports,Unemployment-Rate,SP500-Close,SP500-Ahead
1985-01-01,11.384285714285713,204.768,7824.247,-91.298,7.3,179.630005,181.179993
1985-02-01,11.508888888888889,204.768,7824.247,-91.298,7.2,181.179993,180.660004
1985-03-01,11.855238095238096,204.768,7824.247,-91.298,7.2,180.660004,179.830002
1985-04-01,11.434761904761904,205.85,7893.136,-114.445,7.3,179.830002,189.550003
1985-05-01,10.84681818181818,205.85,7893.136,-114.445,7.2,189.550003,191.850006
1985-06-01,10.156,205.85,7893.136,-114.445,7.4,191.850006,190.919998
1985-07-01,10.30681818181818,209.89,8013.674,-116.895,7.4,190.919998,188.630005
1985-08-01,10.33181818181818,209.89,8013.674,-116.895,7.1,188.630005,182.080002
1985-09-01,10.373157894736842,209.89,8013.674,-116.895,7.1,182.080002,189.820007
1985-10-01,10.23681818181818,211.649,8073.239,-133.434,7.1,189.820007,202.169998
1985-11-01,9.78157894736842,211.649,8073.239,-133.434,7.0,202.169998,211.279999
1985-12-01,9.25904761904762,211.649,8073.239,-133.434,7.0,211.279999,211.779999
1986-01-01,9.193809523809524,176.84,8148.603,-126.014,6.7,211.779999,226.919998
1986-02-01,8.704210526315789,176.84,8148.603,-126.014,7.2,226.919998,238.899994
1986-03-01,7.7785,176.84,8148.603,-126.014,7.2,238.899994,235.520004
1986-04-01,7.299090909090909,172.969,8185.303,-128.872,7.1,235.520004,247.350006
1986-05-01,7.70952380952381,172.969,8185.303,-128.872,7.2,247.350006,250.839996
1986-06-01,7.7995238095238095,172.969,8185.303,-128.872,7.2,250.839996,236.119995
1986-07-01,7.303181818181818,171.499,8263.639,-138.961,7.0,236.119995,252.929993
1986-08-01,7.1657142857142855,171.499,8263.639,-138.961,6.9,252.929993,231.320007
1986-09-01,7.447619047619046,171.499,8263.639,-138.961,7.0,231.320007,243.979996
1986-10-01,7.426363636363635,175.984,8308.021,-133.629,7.0,243.979996,249.220001
1986-11-01,7.250555555555556,175.984,8308.021,-133.629,6.9,249.220001,242.169998
1986-12-01,7.112727272727273,175.984,8308.021,-133.629,6.6,242.169998,274.079987
1987-01-01,7.0845,187.831,8369.93,-141.234,6.6,274.079987,284.200012
1987-02-01,7.2505263157894735,187.831,8369.93,-141.234,6.6,284.200012,291.700012
1987-03-01,7.248636363636363,187.831,8369.93,-141.234,6.6,291.700012,288.359985
1987-04-01,8.022857142857143,215.335,8460.233,-146.977,6.3,288.359985,290.100006
1987-05-01,8.613,215.335,8460.233,-146.977,6.3,290.100006,304.0
1987-06-01,8.402272727272726,215.335,8460.233,-146.977,6.2,304.0,318.660004
1987-07-01,8.446818181818182,230.169,8533.635,-145.464,6.1,318.660004,329.799988
1987-08-01,8.76047619047619,230.169,8533.635,-145.464,6.0,329.799988,321.829987
1987-09-01,9.421904761904761,230.169,8533.635,-145.464,5.9,321.829987,251.789993
1987-10-01,9.52,239.018,8680.162,-145.405,6.0,251.789993,230.300003
1987-11-01,8.860526315789473,239.018,8680.162,-145.405,5.8,230.300003,247.080002
1987-12-01,8.987727272727271,239.018,8680.162,-145.405,5.7,247.080002,257.070007
1988-01-01,8.66578947368421,249.639,8725.006,-123.987,5.7,257.070007,267.820007
1988-02-01,8.212,249.639,8725.006,-123.987,5.7,267.820007,258.890015
1988-03-01,8.373478260869565,249.639,8725.006,-123.987,5.7,258.890015,261.329987
1988-04-01,8.7185,265.179,8839.641,-106.627,5.4,261.329987,262.160004
1988-05-01,9.08904761904762,265.179,8839.641,-106.627,5.6,262.160004,273.5
1988-06-01,8.921363636363635,265.179,8839.641,-106.627,5.4,273.5,272.019989
1988-07-01,9.056,264.662,8891.435,-99.263,5.4,272.019989,261.519989
1988-08-01,9.260434782608696,264.662,8891.435,-99.263,5.6,261.519989,271.910004
1988-09-01,8.977142857142857,264.662,8891.435,-99.263,5.4,271.910004,278.970001
1988-10-01,8.7955,276.88,9009.913,-107.694,5.4,278.970001,273.700012
1988-11-01,8.9625,276.88,9009.913,-107.694,5.3,273.700012,277.720001
1988-12-01,9.105714285714285,276.88,9009.913,-107.694,5.3,277.720001,297.470001
1989-01-01,9.0915,275.1,9101.508,-100.965,5.4,297.470001,288.859985
1989-02-01,9.168947368421053,275.1,9101.508,-100.965,5.2,288.859985,294.869995
1989-03-01,9.357727272727272,275.1,9101.508,-100.965,5.0,294.869995,309.640015
1989-04-01,9.1755,268.646,9170.977,-88.16,5.2,309.640015,320.519989
1989-05-01,8.85909090909091,268.646,9170.977,-88.16,5.2,320.519989,317.980011
1989-06-01,8.277272727272726,268.646,9170.977,-88.16,5.3,317.980011,346.079987
1989-07-01,8.0185,257.909,9238.923,-75.075,5.2,346.079987,351.450012
1989-08-01,8.112608695652174,257.909,9238.923,-75.075,5.2,351.450012,349.149994
1989-09-01,8.1905,257.909,9238.923,-75.075,5.3,349.149994,340.359985
1989-10-01,8.007619047619047,258.272,9257.128,-82.765,5.3,340.359985,345.98999
1989-11-01,7.874285714285714,258.272,9257.128,-82.765,5.4,345.98999,353.399994
1989-12-01,7.836,258.272,9257.128,-82.765,5.4,353.399994,329.079987
1990-01-01,8.206666666666665,268.869,9358.289,-88.536,5.4,329.079987,331.890015
1990-02-01,8.473157894736842,268.869,9358.289,-88.536,5.3,331.890015,339.940002
1990-03-01,8.588636363636363,268.869,9358.289,-88.536,5.2,339.940002,330.799988
1990-04-01,8.7855,282.342,9392.251,-68.833,5.4,330.799988,361.230011
1990-05-01,8.758181818181818,282.342,9392.251,-68.833,5.4,361.230011,358.019989
1990-06-01,8.48,282.342,9392.251,-68.833,5.2,358.019989,356.149994
1990-07-01,8.471428571428572,288.2,9398.499,-74.953,5.5,356.149994,322.559998
1990-08-01,8.752608695652174,288.2,9398.499,-74.953,5.7,322.559998,306.049988
1990-09-01,8.893157894736841,288.2,9398.499,-74.953,5.9,306.049988,304.0
1990-10-01,8.719545454545454,289.53,9312.937,-79.096,5.9,304.0,322.220001
1990-11-01,8.392,289.53,9312.937,-79.096,6.2,322.220001,330.220001
1990-12-01,8.075,289.53,9312.937,-79.096,6.3,330.220001,343.929993
1991-01-01,8.091904761904763,303.293,9269.367,-47.14,6.4,343.929993,367.070007
1991-02-01,7.854736842105263,303.293,9269.367,-47.14,6.6,367.070007,375.220001
1991-03-01,8.11,303.293,9269.367,-47.14,6.8,375.220001,375.339996
1991-04-01,8.039090909090909,309.454,9341.642,-23.188,6.7,375.339996,389.829987
1991-05-01,8.067727272727272,309.454,9341.642,-23.188,6.9,389.829987,371.160004
1991-06-01,8.284,309.454,9341.642,-23.188,6.9,371.160004,387.809998
1991-07-01,8.272727272727272,314.815,9388.845,-21.074,6.8,387.809998,395.429993
1991-08-01,7.9,314.815,9388.845,-21.074,6.9,395.429993,387.859985
1991-09-01,7.65,314.815,9388.845,-21.074,6.9,387.859985,392.450012
1991-10-01,7.5272727272727264,318.455,9421.565,-23.053,7.0,392.450012,375.220001
1991-11-01,7.417368421052631,318.455,9421.565,-23.053,7.0,375.220001,417.089996
1991-12-01,7.088571428571429,318.455,9421.565,-23.053,7.3,417.089996,408.779999
1992-01-01,7.032380952380952,328.586,9534.346,-20.536,7.3,408.779999,412.700012
1992-02-01,7.337894736842106,328.586,9534.346,-20.536,7.4,412.700012,403.690002
1992-03-01,7.542272727272726,328.586,9534.346,-20.536,7.4,403.690002,414.950012
1992-04-01,7.480476190476191,340.749,9637.732,-32.788,7.4,414.950012,415.350006
1992-05-01,7.392,340.749,9637.732,-32.788,7.6,415.350006,408.140015
1992-06-01,7.261818181818183,340.749,9637.732,-32.788,7.8,408.140015,424.209991
1992-07-01,6.844545454545456,323.237,9732.979,-38.488,7.7,424.209991,414.029999
1992-08-01,6.585714285714285,323.237,9732.979,-38.488,7.6,414.029999,417.799988
1992-09-01,6.415238095238095,323.237,9732.979,-38.488,7.6,417.799988,418.679993
1992-10-01,6.589047619047619,330.015,9834.51,-47.14,7.3,418.679993,431.350006
1992-11-01,6.873157894736842,330.015,9834.51,-47.14,7.4,431.350006,435.709991
1992-12-01,6.77,330.015,9834.51,-47.14,7.4,435.709991,438.779999
1993-01-01,6.6,328.957,9850.973,-55.704,7.3,438.779999,443.380005
1993-02-01,6.258947368421053,328.957,9850.973,-55.704,7.1,443.380005,451.670013
1993-03-01,5.975217391304348,328.957,9850.973,-55.704,7.0,451.670013,440.190002
1993-04-01,5.9695238095238095,343.279,9908.347,-63.187,7.1,440.190002,450.190002
1993-05-01,6.0355,343.279,9908.347,-63.187,7.1,450.190002,450.529999
1993-06-01,5.962727272727273,343.279,9908.347,-63.187,7.0,450.529999,448.130005
1993-07-01,5.805238095238095,355.933,9955.641,-68.354,6.9,448.130005,463.559998
1993-08-01,5.677727272727273,355.933,9955.641,-68.354,6.8,463.559998,458.929993
1993-09-01,5.36,355.933,9955.641,-68.354,6.7,458.929993,467.829987
1993-10-01,5.334,375.422,10091.049,-73.449,6.8,467.829987,461.790009
1993-11-01,5.724,375.422,10091.049,-73.449,6.6,461.790009,466.450012
1993-12-01,5.7740909090909085,375.422,10091.049,-73.449,6.5,466.450012,481.609985
1994-01-01,5.7505,404.995,10188.954,-80.595,6.6,481.609985,467.140015
1994-02-01,5.9731578947368416,404.995,10188.954,-80.595,6.6,467.140015,445.769989
1994-03-01,6.482608695652174,404.995,10188.954,-80.595,6.5,445.769989,450.910004
1994-04-01,6.9721052631578955,418.333,10327.019,-90.572,6.4,450.910004,456.5
1994-05-01,7.183333333333333,418.333,10327.019,-90.572,6.1,456.5,444.269989
1994-06-01,7.1013636363636365,418.333,10327.019,-90.572,6.1,444.269989,458.26001
1994-07-01,7.298,439.704,10387.382,-96.868,6.1,458.26001,475.48999
1994-08-01,7.236086956521739,439.704,10387.382,-96.868,6.0,475.48999,462.709991
1994-09-01,7.457142857142857,439.704,10387.382,-96.868,5.9,462.709991,472.350006
1994-10-01,7.744,453.102,10506.372,-101.913,5.8,472.350006,453.690002
1994-11-01,7.955,453.102,10506.372,-101.913,5.6,453.690002,459.269989
1994-12-01,7.813809523809523,453.102,10506.372,-101.913,5.5,459.269989,470.420013
1995-01-01,7.7795,467.603,10543.644,-105.329,5.6,470.420013,487.390015
1995-02-01,7.469473684210526,467.603,10543.644,-105.329,5.4,487.390015,500.709991
1995-03-01,7.204782608695652,467.603,10543.644,-105.329,5.4,500.709991,514.710022
1995-04-01,7.062631578947368,491.19,10575.1,-109.492,5.8,514.710022,533.400024
1995-05-01,6.632727272727273,491.19,10575.1,-109.492,5.6,533.400024,544.75
1995-06-01,6.168181818181818,491.19,10575.1,-109.492,5.6,544.75,562.059998
1995-07-01,6.278,498.739,10665.06,-74.444,5.7,562.059998,561.880005
1995-08-01,6.4882608695652175,498.739,10665.06,-74.444,5.7,561.880005,584.409973
1995-09-01,6.1975,498.739,10665.06,-74.444,5.6,584.409973,581.5
1995-10-01,6.044761904761905,505.677,10737.478,-69.78,5.5,581.5,605.369995
1995-11-01,5.930476190476191,505.677,10737.478,-69.78,5.6,605.369995,615.929993
1995-12-01,5.7115,505.677,10737.478,-69.78,5.6,615.929993,636.02002
1996-01-01,5.652380952380952,524.958,10817.896,-88.795,5.6,636.02002,640.429993
1996-02-01,5.8055,524.958,10817.896,-88.795,5.5,640.429993,645.5
1996-03-01,6.268571428571429,524.958,10817.896,-88.795,5.5,645.5,654.169983
1996-04-01,6.511363636363637,526.924,10998.322,-93.709,5.6,654.169983,669.119995
1996-05-01,6.736818181818181,526.924,10998.322,-93.709,5.6,669.119995,670.630005
1996-06-01,6.912,526.924,10998.322,-93.709,5.3,670.630005,639.950012
1996-07-01,6.865454545454545,522.644,11096.976,-114.18,5.5,639.950012,651.98999
1996-08-01,6.635454545454546,522.644,11096.976,-114.18,5.1,651.98999,687.330017
1996-09-01,6.832,522.644,11096.976,-114.18,5.2,687.330017,705.27002
1996-10-01,6.533636363636364,534.89,11212.205,-88.822,5.2,705.27002,757.02002
1996-11-01,6.203684210526316,534.89,11212.205,-88.822,5.4,757.02002,740.73999
1996-12-01,6.302380952380952,534.89,11212.205,-88.822,5.4,740.73999,786.159973
1997-01-01,6.5790476190476195,546.764,11284.587,-108.839,5.3,786.159973,790.820007
1997-02-01,6.419473684210526,546.764,11284.587,-108.839,5.2,790.820007,757.119995
1997-03-01,6.6945,546.764,11284.587,-108.839,5.2,757.119995,801.340027
1997-04-01,6.885454545454546,565.264,11472.137,-85.201,5.1,801.340027,848.280029
1997-05-01,6.710952380952381,565.264,11472.137,-85.201,4.9,848.280029,885.140015
1997-06-01,6.493809523809524,565.264,11472.137,-85.201,5.0,885.140015,954.309998
1997-07-01,6.220454545454546,587.262,11615.636,-96.831,4.9,954.309998,899.469971
1997-08-01,6.298571428571429,587.262,11615.636,-96.831,4.8,899.469971,947.280029
1997-09-01,6.208571428571429,587.262,11615.636,-96.831,4.9,947.280029,914.619995
1997-10-01,6.029545454545455,589.208,11715.393,-117.014,4.7,914.619995,955.400024
1997-11-01,5.875,589.208,11715.393,-117.014,4.6,955.400024,970.429993
1997-12-01,5.808636363636364,589.208,11715.393,-117.014,4.7,970.429993,980.280029
1998-01-01,5.5445,514.609,11832.486,-135.215,4.6,980.280029,1049.339966
1998-02-01,5.574736842105263,514.609,11832.486,-135.215,4.6,1049.339966,1101.75
1998-03-01,5.647272727272727,514.609,11832.486,-135.215,4.7,1101.75,1111.75
1998-04-01,5.637619047619048,512.233,11942.032,-162.331,4.3,1111.75,1090.819946
1998-05-01,5.6525,512.233,11942.032,-162.331,4.4,1090.819946,1133.839966
1998-06-01,5.496363636363637,512.233,11942.032,-162.331,4.5,1133.839966,1120.670044
1998-07-01,5.461363636363637,507.761,12091.614,-174.634,4.5,1120.670044,957.280029
1998-08-01,5.341904761904762,507.761,12091.614,-174.634,4.5,957.280029,1017.01001
1998-09-01,4.806666666666667,507.761,12091.614,-174.634,4.6,1017.01001,1098.670044
1998-10-01,4.53,490.487,12287.0,-178.663,4.5,1098.670044,1163.630005
1998-11-01,4.827368421052632,490.487,12287.0,-178.663,4.4,1163.630005,1229.22998
1998-12-01,4.645,490.487,12287.0,-178.663,4.4,1229.22998,1279.640015
1999-01-01,4.7221052631578955,523.039,12403.293,-207.731,4.3,1279.640015,1238.329956
1999-02-01,4.998947368421053,523.039,12403.293,-207.731,4.4,1238.329956,1286.369995
1999-03-01,5.232608695652174,523.039,12403.293,-207.731,4.2,1286.369995,1335.180054
1999-04-01,5.1845454545454555,537.853,12498.694,-244.668,4.3,1335.180054,1301.839966
1999-05-01,5.5395,537.853,12498.694,-244.668,4.2,1301.839966,1372.709961
1999-06-01,5.899545454545455,537.853,12498.694,-244.668,4.3,1372.709961,1328.719971
1999-07-01,5.791904761904761,536.775,12662.385,-275.3,4.3,1328.719971,1320.410034
1999-08-01,5.9390909090909085,536.775,12662.385,-275.3,4.2,1320.410034,1282.709961
1999-09-01,5.915238095238095,536.775,12662.385,-275.3,4.2,1282.709961,1362.930054
1999-10-01,6.112,556.245,12877.593,-295.638,4.1,1362.930054,1388.910034
1999-11-01,6.034,556.245,12877.593,-295.638,4.1,1388.910034,1469.25
1999-12-01,6.275454545454545,556.245,12877.593,-295.638,4.0,1469.25,1394.459961
2000-01-01,6.661,527.574,12924.179,-352.106,4.0,1394.459961,1366.420044
2000-02-01,6.5195,527.574,12924.179,-352.106,4.1,1366.420044,1498.579956
2000-03-01,6.256521739130434,527.574,12924.179,-352.106,4.0,1498.579956,1452.430054
2000-04-01,5.990526315789474,519.811,13160.842,-358.736,3.8,1452.430054,1420.599976
2000-05-01,6.440454545454545,519.811,13160.842,-358.736,4.0,1420.599976,1454.599976
2000-06-01,6.097272727272728,519.811,13160.842,-358.736,4.0,1454.599976,1430.829956
2000-07-01,6.054,513.298,13178.419,-387.846,4.0,1430.829956,1517.680054
2000-08-01,5.826086956521739,513.298,13178.419,-387.846,4.1,1517.680054,1436.51001
2000-09-01,5.799,513.298,13178.419,-387.846,3.9,1436.51001,1429.400024
2000-10-01,5.738571428571428,491.81,13260.506,-401.511,3.9,1429.400024,1314.949951
2000-11-01,5.717142857142857,491.81,13260.506,-401.511,3.9,1314.949951,1320.280029
2000-12-01,5.2405,491.81,13260.506,-401.511,3.9,1320.280029,1366.01001
2001-01-01,5.160952380952381,528.836,13222.69,-390.755,4.2,1366.01001,1239.939941
2001-02-01,5.098947368421053,528.836,13222.69,-390.755,4.2,1239.939941,1160.329956
2001-03-01,4.885454545454546,528.836,13222.69,-390.755,4.3,1160.329956,1249.459961
2001-04-01,5.141,551.684,13299.984,-358.543,4.4,1249.459961,1255.819946
2001-05-01,5.391363636363637,551.684,13299.984,-358.543,4.3,1255.819946,1224.380005
2001-06-01,5.284285714285714,551.684,13299.984,-358.543,4.5,1224.380005,1211.22998
2001-07-01,5.236190476190476,505.61,13244.784,-365.976,4.6,1211.22998,1133.579956
2001-08-01,4.971304347826087,505.61,13244.784,-365.976,4.9,1133.579956,1040.939941
2001-09-01,4.731764705882353,505.61,13244.784,-365.976,5.0,1040.939941,1059.780029
2001-10-01,4.566818181818181,489.453,13280.859,-356.441,5.3,1059.780029,1139.449951
2001-11-01,4.6515,489.453,13280.859,-356.441,5.5,1139.449951,1148.079956
2001-12-01,5.0875,489.453,13280.859,-356.441,5.7,1148.079956,1130.199951
2002-01-01,5.035714285714286,538.088,13397.002,-372.592,5.7,1130.199951,1106.72998
2002-02-01,4.911578947368421,538.088,13397.002,-372.592,5.7,1106.72998,1147.390015
2002-03-01,5.284,538.088,13397.002,-372.592,5.7,1147.390015,1076.920044
2002-04-01,5.21090909090909,596.152,13478.152,-415.681,5.9,1076.920044,1067.140015
2002-05-01,5.164545454545455,596.152,13478.152,-415.681,5.8,1067.140015,989.820007
2002-06-01,4.9265,596.152,13478.152,-415.681,5.8,989.820007,911.619995
2002-07-01,4.653181818181817,652.139,13538.072,-432.521,5.8,911.619995,916.070007
2002-08-01,4.257272727272727,652.139,13538.072,-432.521,5.7,916.070007,815.280029
2002-09-01,3.87,652.139,13538.072,-432.521,5.7,815.280029,885.76001
2002-10-01,3.9409090909090905,725.113,13559.032,-480.814,5.7,885.76001,936.309998
2002-11-01,4.0484210526315785,725.113,13559.032,-480.814,5.9,936.309998,879.820007
2002-12-01,4.032380952380952,725.113,13559.032,-480.814,6.0,879.820007,855.700012
2003-01-01,4.048571428571429,721.524,13634.253,-504.852,5.8,855.700012,841.150024
2003-02-01,3.902631578947368,721.524,13634.253,-504.852,5.9,841.150024,848.179993
2003-03-01,3.807142857142857,721.524,13634.253,-504.852,5.9,848.179993,916.919983
2003-04-01,3.9585714285714286,723.377,13751.543,-501.536,6.0,916.919983,963.590027
2003-05-01,3.5690476190476192,723.377,13751.543,-501.536,6.1,963.590027,974.5
2003-06-01,3.3342857142857145,723.377,13751.543,-501.536,6.3,974.5,990.309998
2003-07-01,3.9754545454545456,763.915,13985.073,-500.763,6.2,990.309998,1008.01001
2003-08-01,4.445238095238095,763.915,13985.073,-500.763,6.1,1008.01001,995.969971
2003-09-01,4.274285714285714,763.915,13985.073,-500.763,6.1,995.969971,1050.709961
2003-10-01,4.290454545454546,816.612,14145.645,-505.355,6.0,1050.709961,1058.199951
2003-11-01,4.3,816.612,14145.645,-505.355,5.8,1058.199951,1111.920044
2003-12-01,4.267727272727273,816.612,14145.645,-505.355,5.7,1111.920044,1131.130005
2004-01-01,4.1505,928.229,14221.147,-548.966,5.7,1131.130005,1144.939941
2004-02-01,4.08421052631579,928.229,14221.147,-548.966,5.6,1144.939941,1126.209961
2004-03-01,3.8265217391304343,928.229,14221.147,-548.966,5.8,1126.209961,1107.300049
2004-04-01,4.347619047619048,967.703,14329.523,-608.024,5.6,1107.300049,1120.680054
2004-05-01,4.7155,967.703,14329.523,-608.024,5.6,1120.680054,1140.839966
2004-06-01,4.733809523809524,967.703,14329.523,-608.024,5.6,1140.839966,1101.719971
2004-07-01,4.498095238095239,1010.194,14464.984,-636.429,5.5,1101.719971,1104.23999
2004-08-01,4.281363636363637,1010.194,14464.984,-636.429,5.4,1104.23999,1114.579956
2004-09-01,4.1257142857142854,1010.194,14464.984,-636.429,5.4,1114.579956,1130.199951
2004-10-01,4.097,1010.647,14609.876,-682.881,5.5,1130.199951,1173.819946
2004-11-01,4.194,1010.647,14609.876,-682.881,5.4,1173.819946,1211.920044
2004-12-01,4.2309090909090905,1010.647,14609.876,-682.881,5.4,1211.920044,1181.27002
2005-01-01,4.2215,1228.657,14771.602,-674.59,5.3,1181.27002,1203.599976
2005-02-01,4.165263157894737,1228.657,14771.602,-674.59,5.4,1203.599976,1180.589966
2005-03-01,4.497727272727273,1228.657,14771.602,-674.59,5.2,1180.589966,1156.849976
2005-04-01,4.3409523809523805,1252.584,14839.782,-690.79,5.2,1156.849976,1191.5
2005-05-01,4.144285714285713,1252.584,14839.782,-690.79,5.1,1191.5,1191.329956
2005-06-01,3.9981818181818176,1252.584,14839.782,-690.79,5.0,1191.329956,1234.180054
2005-07-01,4.1775,1296.981,14972.054,-732.505,5.0,1234.180054,1220.329956
2005-08-01,4.262608695652173,1296.981,14972.054,-732.505,4.9,1220.329956,1228.810059
2005-09-01,4.19904761904762,1296.981,14972.054,-732.505,5.0,1228.810059,1207.01001
2005-10-01,4.4635,1363.54,15066.597,-786.886,5.0,1207.01001,1249.47998
2005-11-01,4.535,1363.54,15066.597,-786.886,5.0,1249.47998,1248.290039
2005-12-01,4.467142857142857,1363.54,15066.597,-786.886,4.9,1248.290039,1280.079956
2006-01-01,4.416,1387.911,15267.026,-777.158,4.7,1280.079956,1280.660034
2006-02-01,4.568947368421052,1387.911,15267.026,-777.158,4.8,1280.660034,1294.869995
2006-03-01,4.723913043478261,1387.911,15267.026,-777.158,4.7,1294.869995,1310.609985
2006-04-01,4.990526315789474,1425.152,15302.705,-780.585,4.7,1310.609985,1270.089966
2006-05-01,5.11,1425.152,15302.705,-780.585,4.6,1270.089966,1270.199951
2006-06-01,5.106363636363636,1425.152,15302.705,-780.585,4.6,1270.199951,1276.660034
2006-07-01,5.0875,1444.791,15326.368,-805.63,4.7,1276.660034,1303.819946
2006-08-01,4.8765217391304345,1444.791,15326.368,-805.63,4.7,1303.819946,1335.849976
2006-09-01,4.719,1444.791,15326.368,-805.63,4.5,1335.849976,1377.939941
2006-10-01,4.729047619047619,1398.202,15456.928,-720.325,4.4,1377.939941,1400.630005
2006-11-01,4.595238095238095,1398.202,15456.928,-720.325,4.5,1400.630005,1418.300049
2006-12-01,4.5645,1398.202,15456.928,-720.325,4.4,1418.300049,1438.23999
2007-01-01,4.7595238095238095,1325.943,15493.328,-724.314,4.6,1438.23999,1406.819946
2007-02-01,4.722631578947368,1325.943,15493.328,-724.314,4.5,1406.819946,1420.859985
2007-03-01,4.564545454545455,1325.943,15493.328,-724.314,4.4,1420.859985,1482.369995
2007-04-01,4.693809523809524,1400.804,15582.085,-731.908,4.5,1482.369995,1530.619995
2007-05-01,4.746363636363637,1400.804,15582.085,-731.908,4.4,1530.619995,1503.349976
2007-06-01,5.102857142857143,1400.804,15582.085,-731.908,4.6,1503.349976,1455.27002
2007-07-01,5.004285714285714,1345.84,15666.738,-713.796,4.7,1455.27002,1473.98999
2007-08-01,4.674782608695652,1345.84,15666.738,-713.796,4.6,1473.98999,1526.75
2007-09-01,4.521578947368421,1345.84,15666.738,-713.796,4.7,1526.75,1549.380005
2007-10-01,4.527727272727272,1368.063,15761.967,-703.687,4.7,1549.380005,1481.140015
2007-11-01,4.1485,1368.063,15761.967,-703.687,4.7,1481.140015,1468.359985
2007-12-01,4.0975,1368.063,15761.967,-703.687,5.0,1468.359985,1378.550049
2008-01-01,3.7442857142857138,1260.771,15671.383,-756.179,5.0,1378.550049,1330.630005
2008-02-01,3.7375,1260.771,15671.383,-756.179,4.9,1330.630005,1322.699951
2008-03-01,3.51,1260.771,15671.383,-756.179,5.1,1322.699951,1385.589966
2008-04-01,3.675,1285.329,15752.308,-758.947,5.0,1385.589966,1400.380005
2008-05-01,3.88,1285.329,15752.308,-758.947,5.4,1400.380005,1280.0
2008-06-01,4.099523809523809,1285.329,15752.308,-758.947,5.6,1280.0,1267.380005
2008-07-01,4.007727272727273,1226.043,15667.032,-771.564,5.8,1267.380005,1282.829956
2008-08-01,3.8857142857142857,1226.043,15667.032,-771.564,6.1,1282.829956,1166.359985
2008-09-01,3.686190476190476,1226.043,15667.032,-771.564,6.1,1166.359985,968.75
2008-10-01,3.814090909090909,721.414,15328.027,-605.663,6.5,968.75,896.23999
2008-11-01,3.526666666666667,721.414,15328.027,-605.663,6.8,896.23999,903.25
2008-12-01,2.4163636363636365,721.414,15328.027,-605.663,7.3,903.25,825.880005
2009-01-01,2.5175,1082.708,15155.94,-396.112,7.8,825.880005,735.090027
2009-02-01,2.87,1082.708,15155.94,-396.112,8.3,735.090027,797.869995
2009-03-01,2.8195454545454544,1082.708,15155.94,-396.112,8.7,797.869995,872.809998
2009-04-01,2.9271428571428566,1161.627,15134.117,-338.611,9.0,872.809998,919.140015
2009-05-01,3.293,1161.627,15134.117,-338.611,9.4,919.140015,919.320007
2009-06-01,3.7218181818181817,1161.627,15134.117,-338.611,9.5,919.320007,987.47998
2009-07-01,3.5622727272727275,1346.957,15189.222,-405.497,9.5,987.47998,1020.619995
2009-08-01,3.5871428571428567,1346.957,15189.222,-405.497,9.6,1020.619995,1057.079956
2009-09-01,3.4019047619047615,1346.957,15189.222,-405.497,9.8,1057.079956,1036.189941
2009-10-01,3.387619047619048,1462.942,15356.058,-445.584,10.0,1036.189941,1095.630005
2009-11-01,3.4026315789473682,1462.942,15356.058,-445.584,9.9,1095.630005,1115.099976
2009-12-01,3.59,1462.942,15356.058,-445.584,9.9,1115.099976,1073.869995
2010-01-01,3.733157894736842,1530.604,15415.145,-489.179,9.8,1073.869995,1104.48999
2010-02-01,3.6910526315789474,1530.604,15415.145,-489.179,9.8,1104.48999,1169.430054
2010-03-01,3.7273913043478255,1530.604,15415.145,-489.179,9.9,1169.430054,1186.689941
2010-04-01,3.8468181818181817,1517.068,15557.277,-519.127,9.9,1186.689941,1089.410034
2010-05-01,3.42,1517.068,15557.277,-519.127,9.6,1089.410034,1030.709961
2010-06-01,3.2040909090909087,1517.068,15557.277,-519.127,9.4,1030.709961,1101.599976
2010-07-01,3.0114285714285716,1600.154,15671.967,-535.095,9.4,1101.599976,1049.329956
2010-08-01,2.698636363636364,1600.154,15671.967,-535.095,9.5,1049.329956,1141.199951
2010-09-01,2.647619047619048,1600.154,15671.967,-535.095,9.5,1141.199951,1183.26001
2010-10-01,2.54,1599.159,15750.625,-512.21,9.4,1183.26001,1180.550049
2010-11-01,2.763,1599.159,15750.625,-512.21,9.8,1180.550049,1257.640015
2010-12-01,3.290909090909091,1599.159,15750.625,-512.21,9.3,1257.640015,1286.119995
2011-01-01,3.394,1464.223,15712.754,-561.474,9.1,1286.119995,1327.219971
2011-02-01,3.576315789473684,1464.223,15712.754,-561.474,9.0,1327.219971,1325.829956
2011-03-01,3.4143478260869564,1464.223,15712.754,-561.474,9.0,1325.829956,1363.609985
2011-04-01,3.455,1529.084,15825.096,-581.865,9.1,1363.609985,1345.199951
2011-05-01,3.1685714285714286,1529.084,15825.096,-581.865,9.0,1345.199951,1320.640015
2011-06-01,3.0022727272727274,1529.084,15825.096,-581.865,9.1,1320.640015,1292.280029
2011-07-01,3.003,1539.465,15820.7,-573.85,9.0,1292.280029,1218.890015
2011-08-01,2.3030434782608697,1539.465,15820.7,-573.85,9.0,1218.890015,1131.420044
2011-09-01,1.9752380952380952,1539.465,15820.7,-573.85,9.0,1131.420044,1253.300049
2011-10-01,2.152,1617.095,16004.107,-600.657,8.8,1253.300049,1246.959961
2011-11-01,2.0135,1617.095,16004.107,-600.657,8.6,1246.959961,1257.599976
2011-12-01,1.978095238095238,1617.095,16004.107,-600.657,8.5,1257.599976,1312.410034
2012-01-01,1.9665,1880.022,16129.418,-615.102,8.3,1312.410034,1365.680054
2012-02-01,1.9675,1880.022,16129.418,-615.102,8.3,1365.680054,1408.469971
2012-03-01,2.172727272727273,1880.022,16129.418,-615.102,8.2,1408.469971,1397.910034
2012-04-01,2.052857142857143,1801.743,16198.807,-580.505,8.2,1397.910034,1310.329956
2012-05-01,1.8031818181818184,1801.743,16198.807,-580.505,8.2,1310.329956,1362.160034
2012-06-01,1.6223809523809525,1801.743,16198.807,-580.505,8.2,1362.160034,1379.319946
2012-07-01,1.5266666666666668,1818.331,16220.667,-540.838,8.2,1379.319946,1406.579956
2012-08-01,1.6782608695652175,1818.331,16220.667,-540.838,8.1,1406.579956,1440.670044
2012-09-01,1.723157894736842,1818.331,16220.667,-540.838,7.8,1440.670044,1412.160034
2012-10-01,1.7461904761904763,1785.961,16239.138,-537.839,7.8,1412.160034,1416.180054
2012-11-01,1.654,1785.961,16239.138,-537.839,7.7,1416.180054,1426.189941
2012-12-01,1.719,1785.961,16239.138,-537.839,7.9,1426.189941,1498.109985
2013-01-01,1.9147619047619049,1766.372,16382.964,-516.863,8.0,1498.109985,1514.680054
2013-02-01,1.9842105263157892,1766.372,16382.964,-516.863,7.7,1514.680054,1569.189941
2013-03-01,1.9575,1766.372,16382.964,-516.863,7.5,1569.189941,1597.569946
2013-04-01,1.7590909090909093,1757.557,16403.18,-508.931,7.6,1597.569946,1630.73999
2013-05-01,1.9281818181818184,1757.557,16403.18,-508.931,7.5,1630.73999,1606.280029
2013-06-01,2.3,1757.557,16403.18,-508.931,7.5,1606.280029,1685.72998
2013-07-01,2.5822727272727275,1792.757,16531.685,-496.282,7.3,1685.72998,1632.969971
2013-08-01,2.7372727272727277,1792.757,16531.685,-496.282,7.2,1632.969971,1681.550049
2013-09-01,2.8095,1792.757,16531.685,-496.282,7.2,1681.550049,1756.540039
2013-10-01,2.6159090909090907,1838.838,16663.649,-441.051,7.2,1756.540039,1805.810059
2013-11-01,2.718421052631579,1838.838,16663.649,-441.051,6.9,1805.810059,1848.359985
2013-12-01,2.9019047619047615,1838.838,16663.649,-441.051,6.7,1848.359985,1782.589966
2014-01-01,2.858095238095238,1767.596,16616.54,-506.318,6.6,1782.589966,1859.449951
2014-02-01,2.7094736842105265,1767.596,16616.54,-506.318,6.7,1859.449951,1872.339966
2014-03-01,2.723333333333333,1767.596,16616.54,-506.318,6.7,1872.339966,1883.949951
2014-04-01,2.705238095238095,1865.14,16841.475,-507.643,6.2,1883.949951,1923.569946
2014-05-01,2.559047619047619,1865.14,16841.475,-507.643,6.3,1923.569946,1960.22998
2014-06-01,2.5985714285714288,1865.14,16841.475,-507.643,6.1,1960.22998,1930.670044
2014-07-01,2.5422727272727275,1917.769,17047.098,-492.266,6.2,1930.670044,2003.369995
2014-08-01,2.42,1917.769,17047.098,-492.266,6.1,2003.369995,1972.290039
2014-09-01,2.5342857142857143,1917.769,17047.098,-492.266,5.9,1972.290039,2018.050049
2014-10-01,2.3040909090909087,1879.109,17143.038,-524.406,5.7,2018.050049,2067.560059
2014-11-01,2.325555555555556,1879.109,17143.038,-524.406,5.8,2067.560059,2058.899902
2014-12-01,2.2072727272727275,1879.109,17143.038,-524.406,5.6,2058.899902,1994.98999
2015-01-01,1.8815,1770.989,17305.752,-528.778,5.7,1994.98999,2104.5
2015-02-01,1.9752631578947368,1770.989,17305.752,-528.778,5.5,2104.5,2067.889893
2015-03-01,2.042727272727273,1770.989,17305.752,-528.778,5.4,2067.889893,2085.51001
2015-04-01,1.935,1789.321,17422.845,-508.342,5.4,2085.51001,2107.389893
2015-05-01,2.1975,1789.321,17422.845,-508.342,5.6,2107.389893,2063.110107
2015-06-01,2.363636363636364,1789.321,17422.845,-508.342,5.3,2063.110107,2103.840088
2015-07-01,2.3245454545454542,1732.347,17486.021,-542.67,5.2,2103.840088,1972.180054
2015-08-01,2.167142857142857,1732.347,17486.021,-542.67,5.1,1972.180054,1920.030029
2015-09-01,2.1728571428571426,1732.347,17486.021,-542.67,5.0,1920.030029,2079.360107
2015-10-01,2.07,1635.297,17514.062,-526.494,5.0,2079.360107,2080.409912
2015-11-01,2.263157894736842,1635.297,17514.062,-526.494,5.1,2080.409912,2043.939941
2015-12-01,2.2427272727272727,1635.297,17514.062,-526.494,5.0,2043.939941,1940.23999
2016-01-01,2.0852631578947367,1693.864,17613.264,-513.898,4.8,1940.23999,1932.22998
2016-02-01,1.7795,1693.864,17613.264,-513.898,4.9,1932.22998,2059.73999
2016-03-01,1.8890909090909087,1693.864,17613.264,-513.898,5.0,2059.73999,2065.300049
2016-04-01,1.8052380952380953,1752.403,17668.203,-492.334,5.1,2065.300049,2096.949951
2016-05-01,1.806190476190476,1752.403,17668.203,-492.334,4.8,2096.949951,2098.860107
2016-06-01,1.6440909090909093,1752.403,17668.203,-492.334,4.9,2098.860107,2173.600098
2016-07-01,1.504,1743.196,17764.388,-497.713,4.8,2173.600098,2170.949951
2016-08-01,1.556521739130435,1743.196,17764.388,-497.713,4.9,2170.949951,2168.27002
2016-09-01,1.6304761904761904,1743.196,17764.388,-497.713,5.0,2168.27002,2126.149902
2016-10-01,1.7645,1805.959,17876.179,-546.102,4.9,2126.149902,2198.810059
2016-11-01,2.142,1805.959,17876.179,-546.102,4.7,2198.810059,2238.830078
2016-12-01,2.4919047619047614,1805.959,17876.179,-546.102,4.7,2238.830078,2278.870117
2017-01-01,2.4325,1899.067,17977.299,-543.562,4.7,2278.870117,2363.639893
2017-02-01,2.418947368421053,1899.067,17977.299,-543.562,4.6,2363.639893,2362.719971
2017-03-01,2.4817391304347822,1899.067,17977.299,-543.562,4.4,2362.719971,2384.199951
2017-04-01,2.297368421052632,1885.436,18054.052,-559.521,4.5,2384.199951,2411.800049
2017-05-01,2.303636363636364,1885.436,18054.052,-559.521,4.4,2411.800049,2423.409912
2017-06-01,2.1868181818181816,1885.436,18054.052,-559.521,4.3,2423.409912,2470.300049
2017-07-01,2.318,1934.366,18185.636,-543.581,4.3,2470.300049,2471.649902
2017-08-01,2.2091304347826086,1934.366,18185.636,-543.581,4.4,2471.649902,2519.360107
2017-09-01,2.202,1934.366,18185.636,-543.581,4.2,2519.360107,2575.26001
2017-10-01,2.36,1768.632,18359.432,-575.47,4.1,2575.26001,2647.580078
2017-11-01,2.353333333333333,1768.632,18359.432,-575.47,4.2,2647.580078,2673.610107
2017-12-01,2.4025,1768.632,18359.432,-575.47,4.1,2673.610107,2823.810059
2018-01-01,2.583809523809524,1900.187,18530.483,-589.808,4.0,2823.810059,2713.830078
2018-02-01,2.858947368421053,1900.187,18530.483,-589.808,4.1,2713.830078,2640.870117
2018-03-01,2.8423809523809522,1900.187,18530.483,-589.808,4.0,2640.870117,2648.050049
2018-04-01,2.869047619047619,1907.847,18654.383,-548.149,4.0,2648.050049,2705.27002
2018-05-01,2.977727272727273,1907.847,18654.383,-548.149,3.8,2705.27002,2718.370117
2018-06-01,2.9123809523809525,1907.847,18654.383,-548.149,4.0,2718.370117,2816.290039
2018-07-01,2.889047619047619,1907.514,18752.355,-646.433,3.8,2816.290039,2901.52002
2018-08-01,2.889130434782609,1907.514,18752.355,-646.433,3.8,2901.52002,2913.97998
2018-09-01,3.004210526315789,1907.514,18752.355,-646.433,3.7,2913.97998,2711.73999
2018-10-01,3.152272727272728,1899.589,18813.923,-653.448,3.8,2711.73999,2760.169922
2018-11-01,3.117,1899.589,18813.923,-653.448,3.8,2760.169922,2506.850098
2018-12-01,2.8326315789473684,1899.589,18813.923,-653.448,3.9,2506.850098,2704.100098
2019-01-01,2.713809523809524,1894.367,18950.347,-615.543,4.0,2704.100098,2784.48999
2019-02-01,2.676315789473684,1894.367,18950.347,-615.543,3.8,2784.48999,2834.399902
2019-03-01,2.570952380952381,1894.367,18950.347,-615.543,3.8,2834.399902,2945.830078
2019-04-01,2.5323809523809526,1938.893,19020.599,-644.744,3.7,2945.830078,2752.060059
2019-05-01,2.395,1938.893,19020.599,-644.744,3.7,2752.060059,2941.76001
2019-06-01,2.074,1938.893,19020.599,-644.744,3.6,2941.76001,2980.379883
2019-07-01,2.0590909090909086,1920.338,19141.744,-631.838,3.6,2980.379883,2926.459961
2019-08-01,1.6263636363636365,1920.338,19141.744,-631.838,3.7,2926.459961,2976.73999
2019-09-01,1.6995,1920.338,19141.744,-631.838,3.5,2976.73999,3037.560059
2019-10-01,1.7068181818181818,2000.736,19253.959,-549.757,3.6,3037.560059,3140.97998
2019-11-01,1.8121052631578949,2000.736,19253.959,-549.757,3.6,3140.97998,3230.780029
2019-12-01,1.8628571428571428,2000.736,19253.959,-549.757,3.6,3230.780029,3225.52002
2020-01-01,1.7576190476190476,1739.103,19010.848,-494.307,3.5,3225.52002,2954.219971
2020-02-01,1.5042105263157897,1739.103,19010.848,-494.307,3.5,2954.219971,2584.590088
2020-03-01,0.87,1739.103,19010.848,-494.307,4.4,2584.590088,2912.429932
2020-04-01,0.6576190476190475,1557.064,17302.511,-545.164,14.8,2912.429932,3044.310059
2020-05-01,0.674,1557.064,17302.511,-545.164,13.3,3044.310059,3100.290039
2020-06-01,0.7286363636363636,1557.064,17302.511,-545.164,11.1,3100.290039,3271.120117
2020-07-01,0.6236363636363637,2118.856,18596.521,-736.124,10.2,3271.120117,3271.120117
